robot_q : [0.2, -0.8, -1.6, 0, -0.7, 0]


# Charuco board, 5x5 img 15
robot_q_25_18 : [ 1.99946664e-01, -7.13110116e-01, -1.80011688e+00, -3.11048778e-05,
       -6.49964104e-01,  0.00000000e+00]
robot_T_B2G_25_18 : [[-9.79843663e-01, -1.98641720e-01, -2.11627627e-02,
         3.84043991e-01],
       [-1.98595003e-01,  9.80072174e-01, -4.30793528e-03,
         7.78267829e-02],
       [ 2.15967705e-02, -1.82841742e-05, -9.99766762e-01,
         1.92419176e-01],
       [ 0.00000000e+00,  0.00000000e+00,  0.00000000e+00,
         1.00000000e+00]]


# CharUco board hodne x hodne im 16
robot_q_20_13 : [ 2.00072328e-01, -7.00041091e-01, -1.79999122e+00, -3.11048778e-05,
       -6.49995520e-01,  0.00000000e+00]

robot_T_B2G_20_13 : [[-9.80012418e-01, -1.98764640e-01, -8.26307374e-03,
         3.85485525e-01],
       [-1.98757414e-01,  9.80047253e-01, -1.69483747e-03,
         7.81693484e-02],
       [ 8.43507648e-03, -1.86145977e-05, -9.99964424e-01,
         1.97574534e-01],
       [ 0.00000000e+00,  0.00000000e+00,  0.00000000e+00,
         1.00000000e+00]]

# Diff img 17
robot_q_img_17 : [-9.99183543e-02, -7.00041091e-01, -1.79999122e+00, -3.11048778e-05,
       -6.49995520e-01,  0.00000000e+00]

robot_T_img_17 : [[-9.94979384e-01,  9.97273827e-02, -8.39488224e-03,
         3.91369375e-01],
       [ 9.97239911e-02,  9.95014798e-01,  8.22686959e-04,
        -3.92370845e-02],
       [ 8.43507648e-03, -1.86145977e-05, -9.99964424e-01,
         1.97574534e-01],
       [ 0.00000000e+00,  0.00000000e+00,  0.00000000e+00,
         1.00000000e+00]]


robot_q_img_18 : [-2.00072328e-01, -7.99990861e-01, -1.60001314e+00, -3.11048778e-05,
       -6.99978259e-01,  0.00000000e+00]

robot_T_img_18 : [[-9.79208613e-01,  1.98717737e-01,  4.07646100e-02,
         4.35980783e-01],
       [ 1.98544873e-01,  9.80056764e-01, -8.28691081e-03,
        -8.84120678e-02],
       [-4.15983879e-02, -2.10101079e-05, -9.99134412e-01,
         1.97935864e-01],
       [ 0.00000000e+00,  0.00000000e+00,  0.00000000e+00,
         1.00000000e+00]]